time,x,y,z,phi,theta,psi,x_velocity,y_velocity,z_velocity,phi_velocity,theta_velocity,psi_velocity,rotor_speed1,rotor_speed2,rotor_speed3,rotor_speed4
0.06,8.077450468661595e-08,-1.055972545971783e-07,10.0062549805125,6.282984689217992,6.282881040791866,0.0,1.751140029616982e-05,-1.416304458269505e-05,0.20848370374348962,-0.011048632760068,-0.017877082211369376,0.0,470.8871598508625,469.5025251786981,470.3587170758438,469.50249994562955
0.12000000000000001,1.3358431563196383e-05,-8.882018792355268e-06,10.025323907178329,6.282173093719869,6.281463208539559,0.0,0.0005695956827688683,-0.0003658924926159082,0.4270903610342117,-0.019010656202852052,-0.038775097405799375,0.0,473.20851665029835,471.59726556357975,474.1190132686884,473.50711906284
0.18,9.820813540231401e-05,-5.9795710362847686e-05,10.056877600519494,6.280821350385233,6.279239274947532,0.0,0.002523250963940539,-0.0014749115178425605,0.6246110354644321,-0.03070457096338776,-0.0338494420004339,0.0,467.176543385091,467.5598173300646,467.1672439512752,466.25465442893136
0.23999999999999996,0.00034056770758899896,-0.0002068812815331841,10.09842202703049,6.278507351346409,6.2788224521531735,0.0,0.005659048812704146,-0.003641330179447309,0.7601212712786585,-0.06294911647947128,0.02140963688456403,0.0,446.3088011055094,450.7955855119399,449.6536354595357,447.03324352373033
0.3,0.0007753216799525665,-0.0005516599611634458,10.149842720283566,6.274442847102732,6.281064589700405,0.0,0.008614868872265032,-0.008302117858017878,0.9537582476517121,-0.0796438655704398,0.05807791829466131,0.0,464.81455892875636,467.67947393489885,466.96716239756944,465.6598798128675
0.36000000000000004,0.0013200321960872368,-0.0012342670729171491,10.208563606487447,6.269500234010767,0.0008188040511587502,0.0,0.00922448777600578,-0.014910103530784227,1.003557471550628,-0.08849143248509599,0.016246514804965403,0.0,423.23086327261944,419.61687492231124,422.1958658869291,421.42594370736316
0.4200000000000001,0.0018541358906495448,-0.002397948823759476,10.269467997006643,6.263746248334108,0.002609261302393584,0.0,0.008445885967450353,-0.024373645150309525,1.0265603812461794,-0.11791597148901957,0.048407271552930134,0.0,411.39726773048807,414.2351103596799,414.10229236910544,411.49689528858073
0.48000000000000015,0.0022912706733883847,-0.00431987236766989,10.335541995721513,6.256496744346524,0.005407665944639817,0.0,0.0058137539497522045,-0.04046938321849065,1.1757459608426775,-0.1273840713262933,0.042849469852215466,0.0,454.52592415701383,454.0815833552107,452.8033344510166,452.0281269860324
0.5400000000000001,0.002499221824395857,-0.007420751563257145,10.412379867159125,6.249272583338865,0.007751135988624647,0.0,0.0008271357409342071,-0.06376216808430557,1.3852581554507113,-0.10920564747892647,0.030128041356576818,0.0,472.1933705450961,471.21172984058126,471.28558247395864,472.6760272237208
0.6000000000000002,0.0023833971066676528,-0.011961047914721584,10.498169100640764,6.242506341889303,0.008967941887749298,0.0,-0.004862071379260523,-0.08824433784163617,1.4742453394040866,-0.12106568862598023,-0.02246550071123151,0.0,438.00045645828527,433.60490520638865,435.6095253165761,434.60500146721597
0.6600000000000003,0.001914859038235994,-0.018108247921374675,10.589237932310478,6.235028661365952,0.007392787318905469,0.0,-0.010609782280743408,-0.11739406266508959,1.5612347978738088,-0.13291451706654342,-0.03517065539770122,0.0,435.1514210166175,434.08646632313776,436.1392619006302,435.13401288080524
0.7200000000000003,0.0011415712230362016,-0.026120665402640787,10.684755425799107,6.227080304845156,0.004917551576990142,0.0,-0.014948903099773366,-0.1504489903597713,1.6225559520789503,-0.13160405683859616,-0.05761345921669084,0.0,428.0147881764204,426.0995117940081,427.24759225542886,427.3423863984603
0.7800000000000004,0.00015715512011909907,-0.036325043855560984,10.784885207767855,6.2195190686319215,0.001176174110986139,0.0,-0.01750305703344873,-0.19046729111555538,1.7149206910392194,-0.11671209432573745,-0.07410251539453473,0.0,438.36172404990594,436.9864969667461,436.63751213013853,437.86312035418337
0.8400000000000004,-0.000900564963238077,-0.0491480527071922,10.891560564828318,6.212167049216696,6.279816825339232,0.0,-0.017277848612448143,-0.2377096251602599,1.8406743770521852,-0.1379055052117429,-0.07924625100805444,0.0,448.53271927395537,448.1103371175561,449.2849930825447,447.549702930809
0.9000000000000005,-0.0018519445113299152,-0.06486638596284454,11.004368965392693,6.2040869232420075,6.275051218844428,0.0,-0.01396365527060159,-0.2870335626960357,1.9194069252412478,-0.12888070600118712,-0.07979006346346385,0.0,433.4857807227913,433.43484889756746,434.30284760384666,435.041856354448
0.9600000000000005,-0.0024877866963003625,-0.08388921509887977,11.124188026395904,6.196876948126478,6.2700065501196836,0.0,-0.0066926182903377825,-0.3478577521973332,2.0742105609622503,-0.10681088230166644,-0.09443387277181114,0.0,459.7232515997368,458.55588176005307,456.59155277880063,458.33588963409477
1.0200000000000005,-0.0025978588065776018,-0.1065524559191359,11.251395389654833,6.190519612561262,6.263939215284822,0.0,0.0036087607673050983,-0.4082125758577859,2.1657871472523342,-0.1042990217948636,-0.11988149595641746,0.0,440.57889985072507,438.46054727400866,439.11974271449867,439.3180751739751
1.0800000000000005,-0.0018904931082103958,-0.13328815801274732,11.38750143378382,6.184329383036925,6.257597251346386,0.0,0.0207490667342361,-0.483671006724316,2.3705741267021754,-0.10100562793148968,-0.08659039883210093,0.0,473.12959526677656,475.6760167031285,474.5898169679798,474.8340029186447
1.1400000000000006,-0.00012931158179461854,-0.16425117094158875,11.531419825768893,6.178428220494627,6.252263745628026,0.0,0.03845812287971381,-0.5489895591336065,2.426498069425964,-0.09351800894152772,-0.0939413422745279,0.0,429.1734395136339,428.54214232893617,429.8892095692756,430.51450806004084
1.2000000000000006,0.0028173545471955547,-0.19930541606108754,11.679231692780206,6.172682888464465,6.246664264611272,0.0,0.060312626433008144,-0.6200266640939511,2.500304759283256,-0.10065094012595739,-0.09211991300714889,0.0,436.02165746213245,436.16624775442085,435.77842920896774,435.17373489984595
1.2600000000000007,0.0071907705292418465,-0.23875075423201914,11.831564708362706,6.166484161811548,6.241369638320105,0.0,0.08599630497469482,-0.6954030487879354,2.5771756072033627,-0.10924519818122191,-0.08144591042046084,0.0,436.98139743238323,437.86359699757304,437.6396547762541,436.91420845649657
1.3200000000000007,0.013169595274589673,-0.2827355126654041,11.987563794863203,6.159786827008382,6.23643410591777,0.0,0.11375661921904397,-0.7713674644589789,2.6225645999030744,-0.116854221304967,-0.08393537653172288,0.0,427.5248593174889,427.3069018370115,428.4573440098977,427.7983333082512
1.3800000000000008,0.02093535830604362,-0.3314812618156558,12.146847277974143,6.152573061982835,6.232539067734555,0.0,0.14551388351840583,-0.8541613271451827,2.686590324388025,-0.12800949037154635,-0.04173601270926226,0.0,431.9094770131819,435.44998221530585,435.536396028701,434.58892585208514
1.4400000000000008,0.030852732022300756,-0.3857943868681005,12.31337595247834,6.145246564939235,6.229961063294741,0.0,0.18533085172751967,-0.9570702248180366,2.8637540835465036,-0.11235776384902861,-0.04554859889184652,0.0,469.56554305212956,469.26877452498803,470.44264271053765,471.64027240696964
1.5000000000000009,0.04305736524889883,-0.4460292508937081,12.487515553065794,6.138881428139017,6.227014768742855,0.0,0.22175797102762346,-1.0513795602680807,2.9405439020497317,-0.09582779864409977,-0.05738161028304947,0.0,441.10927371863914,440.12944489526063,439.5708727754154,440.9284397924339
1.560000000000001,0.05758287176228659,-0.5122360551200761,12.667521008082497,6.133504392140011,6.223787179178402,0.0,0.2627558123266414,-1.156053922912624,3.059156306097483,-0.07944155290222157,-0.047442109327363716,0.0,453.7021292831658,454.4975812500889,454.02895806123786,455.33509721296724
1.620000000000001,0.07487524243998006,-0.5854367725279995,12.858575690395018,6.128885984658535,6.2207686713176145,0.0,0.31397566905353685,-1.284451031391437,3.308443203088092,-0.07244763184723411,-0.05676298781229813,0.0,494.7939145965533,494.1058868678048,493.91685193714494,494.4283335256279
1.680000000000001,0.09519193711502394,-0.6661473535741016,13.062568446869,6.124414062869221,6.2177544856949325,0.0,0.36357418644015654,-1.4063258886930803,3.4905796483196228,-0.07906301542034753,-0.039632760537857574,0.0,475.95406404090835,477.26185938921725,476.6891476516379,476.1793838680055
1.740000000000001,0.11819272923553102,-0.7534163236751761,13.272104652052263,6.119571387270618,6.215167161239917,0.0,0.40333143024933255,-1.5030705018239834,3.4937916018714206,-0.08422787515107262,-0.05121661327037218,0.0,422.37676222003466,421.3753118879943,421.60880531163366,421.156636931341
1.8000000000000012,0.14376783289993045,-0.846919069635359,13.483846653521184,6.114676379868678,6.212863137474525,0.0,0.4494068964352037,-1.614147705802957,3.5638631866805093,-0.07676224890315415,-0.02059007217832534,0.0,442.6872864279557,445.19946090907365,443.6362987619109,444.2434896216637
1.8600000000000012,0.17200030737012661,-0.9468364708270882,13.697719844879707,6.10980847923485,6.211462111269537,0.0,0.4917828805318051,-1.716861531017846,3.5650704376886777,-0.0917314678628286,-0.029537599272508847,0.0,422.2128491379171,421.4400310340795,423.3198090350354,422.0238221479435
1.9200000000000013,0.2026112805197276,-1.0525545724799061,13.909048398274104,6.1040582600505005,6.20945975887747,0.0,0.5287358688113262,-1.8075616587668528,3.479317006211097,-0.1056567927987671,-0.04242449896282818,0.0,393.1800141437082,391.9835101110534,392.70815453579644,391.40489569424744
1.9800000000000013,0.2358960350554266,-1.1648337262243553,14.120832654306978,6.098693788991611,6.207126648519694,0.0,0.5809718242914526,-1.9356191760594454,3.579588547878631,-0.06845892823831246,-0.032610764759026786,0.0,453.94947607621236,454.73559852860427,453.5014684207293,456.47250041431175
2.0400000000000014,0.27228019786620067,-1.2847132223298616,14.337568253896253,6.094217214869349,6.2048593493539705,0.0,0.632009286414247,-2.0607582809942686,3.644502030518286,-0.09121869875627717,-0.0509400304617749,0.0,445.3744880481662,443.8719514997593,445.5813982689173,443.71212041854886
2.1000000000000014,0.3118250544377371,-1.4123221053593438,14.558795406232992,6.088513543992077,6.20155831649741,0.0,0.6864359589699415,-2.193390486571568,3.7291734117403763,-0.10412847790318093,-0.06475932798962272,0.0,452.62539859002976,451.5097431915748,452.2636523730532,451.2149549186913
2.1600000000000015,0.35458069145901744,-1.5477208131179545,14.783585004881925,6.082553540947535,6.197392488838281,0.0,0.7391027349841649,-2.320456973276531,3.7633989066911284,-0.09115310639081052,-0.0809519870032967,0.0,438.8134375764915,437.46320987359195,435.1822457705003,436.258285003672
2.2200000000000015,0.4008150479600143,-1.691407709660085,15.013065400672636,6.077214789006277,6.192468676120804,0.0,0.8025103924978296,-2.469602643423324,3.8851732187177985,-0.08495446401564262,-0.0843833252311622,0.0,466.3381015812596,466.06484889485864,464.7856909360135,465.26505333938746
2.2800000000000016,0.4508087508466306,-1.8438269980213566,15.248199107674075,6.072078632320629,6.18775805779398,0.0,0.8643855880436874,-2.6115069654702787,3.952037498446103,-0.08693056623081981,-0.06879547368317587,0.0,448.41531249612876,449.6749609349276,451.13224436331194,450.966724990677
2.3400000000000016,0.5050384662563012,-2.0058180755999904,15.491696625546783,6.066974027280073,6.183334204660024,0.0,0.9436803019928572,-2.788648776704594,4.1633308873473,-0.08160757582445104,-0.08608678699253569,0.0,495.65018686102536,494.373908517607,495.1651231769853,495.5514456981547
2.4000000000000017,0.5639984334732073,-2.178273706145827,15.746483177449655,6.062603063329764,6.178262709042979,0.0,1.0221394082651982,-2.9602564880383255,4.328477440327157,-0.059437351786122715,-0.08157296679071996,0.0,483.7767416582545,484.11131004113696,483.33615354537494,485.0004743646922
2.4600000000000017,0.6273667804232326,-2.360278553899421,16.0073368586875,6.058877949724451,6.1736473231002265,0.0,1.0905435932934775,-3.106907528222112,4.3661379910506435,-0.06798756228211414,-0.0689551264862543,0.0,446.9148066210794,447.93749693081196,446.4214093547298,445.72030589693486
2.520000000000002,0.6946289144835178,-2.5505753234373874,16.2678192948885,6.054809186382522,6.169548381996297,0.0,1.151857429777127,-3.236732624462925,4.316481153575187,-0.06746549301199016,-0.06706715985256122,0.0,417.8712069709702,418.0319380844245,419.49920286191934,419.54078848028246
2.580000000000002,0.7656424954694195,-2.748758693006448,16.525351293545988,6.050882913798901,6.165175840643466,0.0,1.215593670492834,-3.3697922168292633,4.267772150467699,-0.0616649430840156,-0.08820979235454945,0.0,421.35295391018,419.5161758913392,418.0601065359471,418.5618341534209
2.640000000000002,0.8413365580988276,-2.956512936240414,16.786292950517137,6.0493708001135005,6.159597597679005,0.0,1.3080346364465893,-3.5554737823866485,4.4291793333449405,0.007661561874723874,-0.104769690301251,0.0,487.39212237777645,486.146116279316,484.44340056959373,489.6281948899335
2.700000000000002,0.9224191138415089,-3.174915517611356,17.0546452718883,6.0507889998584155,6.153023855547207,0.0,1.39528906817765,-3.724489938543964,4.515207694947361,0.04436109925073971,-0.12145895226748644,0.0,466.42226213503574,465.1066580387747,465.02031925119337,467.88675971284505
2.760000000000002,1.0085678375889648,-3.402914249043903,17.325876310226906,6.053916285814992,6.145673571444352,0.0,1.4769615072132831,-3.875295767222257,4.525528367207125,0.06431823627675455,-0.1246806489287968,0.0,442.8256098932269,442.54680887199595,443.2119222896128,444.8511017414158
2.820000000000002,1.0996940066751915,-3.639838609146407,17.597315491951477,6.057989855409179,6.1383007112421435,0.0,1.561205325852739,-4.021959309517004,4.5222346973404015,0.07422137593457422,-0.11950813117188604,0.0,438.1423650425301,438.5583480006171,440.24381476042436,441.06608004073905
2.880000000000002,1.1956832775205282,-3.8850369023086713,17.866420045619606,6.062046591361007,6.13089970104703,0.0,1.6390213232931137,-4.151202797559079,4.448054565843673,0.04917444845015657,-0.1324134076525909,0.0,417.44918932686915,416.30627612736725,415.9745483548356,413.77856756705717
2.940000000000002,1.2972818550160508,-4.13912879447241,18.136246659701754,6.06517770696037,6.12280053497258,0.0,1.7483146580747473,-4.318233102904759,4.545405912486201,0.05761161284312471,-0.1406972179477768,0.0,472.31997806129846,471.6648625216669,471.32958100846713,471.98287528550674
3.000000000000002,1.405019930140421,-4.402433239762336,18.40837757722895,6.068952753793154,6.114316184539035,0.0,1.843655184625631,-4.458434698649927,4.525438108409017,0.07183811249830457,-0.14286039502587553,0.0,435.964513865086,435.7646509506851,435.24475312603033,436.43690157465767
3.0600000000000023,1.518855574588621,-4.674405304579949,18.680606391853935,6.072978900769991,6.105675014932348,0.0,1.951594955790384,-4.607045837933218,4.548459035822616,0.055379073986924626,-0.1464417327520217,0.0,450.93351978742527,450.62500897063615,450.6233931637683,449.29393778778353
3.1200000000000023,1.6391648584991096,-4.9550754354056465,18.953318760266992,6.07646732113305,6.096417792747115,0.0,2.0594521695996426,-4.748487140194361,4.541657388180004,0.06315659428033607,-0.1785303061707118,0.0,442.78617217902655,440.11418996383594,441.31543341600434,441.9594071880278
3.1800000000000024,1.7660718822077808,-5.244164359016594,19.225382660636026,6.080564938223368,6.086021466275426,0.0,2.171653789995186,-4.887645161719197,4.526854023645088,0.07697233872484101,-0.16442695443093033,0.0,438.653856000062,439.79426919805513,439.372016315737,440.51966882286615
3.2400000000000024,1.8988796909929544,-5.540570312135309,19.491634597818667,6.085163497032713,6.076594442808236,0.0,2.2559897081379416,-4.992639192804614,4.34879302652524,0.07597537740230793,-0.14549941716679504,0.0,381.66596087580666,383.4405154055426,381.8977236505561,381.8082942609753
3.3000000000000025,2.0377172426895678,-5.844062475187096,19.751169003199017,6.089809019550369,6.06781229249324,0.0,2.372622446819912,-5.123631837217536,4.302267216674576,0.0801766093437299,-0.14816576869156953,0.0,428.4542774623541,428.20652851772087,427.9933782585527,428.35586719801364
3.3600000000000025,2.183613251192791,-6.155316475721994,20.00753555622057,6.0946088510638,6.0589551458078255,0.0,2.4912732558555524,-5.251381492447479,4.24325371333315,0.079636146932319,-0.14654890353009314,0.0,423.9494667781094,424.0668136160415,424.3559593936867,424.31502886328303
3.4200000000000026,2.337671305897152,-6.474945587538169,20.26421745101941,6.0993939805645265,6.0504368267635265,0.0,2.644684415785847,-5.40259534012936,4.312121598902039,0.07998303674075792,-0.1341160090327421,0.0,465.73009223081027,466.68381674625533,466.39240180117713,466.4242751526547
3.4800000000000026,2.5011636714147536,-6.80365635867475,20.525292075223195,6.104231737834752,6.0427708110815885,0.0,2.8056533307490397,-5.554099102412569,4.389634013981274,0.0818906750148603,-0.11740702990595153,0.0,470.0686329715802,471.34779547516735,470.1013732453023,470.25403873025937
3.5400000000000027,2.674523912357778,-7.141460513996794,20.791263187338142,6.110031093128056,6.0359687144482805,0.0,2.9735049151937036,-5.705654691642906,4.475327371422353,0.1163018416661635,-0.10632159463427336,0.0,473.98437638739443,474.82508337934513,473.20822384272543,475.85705429971887
3.6000000000000028,2.8582657267772116,-7.488417166108168,21.063078758911136,6.1168644593817945,6.029132529546295,0.0,3.1516492834052663,-5.859025550688677,4.584380061683606,0.10857133152771252,-0.13697933969433232,0.0,483.04658374042475,480.7176003422896,484.5433542611693,483.97210349040006
3.660000000000003,3.051252645876956,-7.843499540493211,21.335443208561916,6.123316100426688,6.021157887616852,0.0,3.281863818834164,-5.976929498884479,4.494621349229257,0.10535504482006082,-0.125819443513676,0.0,419.42224960102243,420.3731209221066,420.64016175435785,420.37235467170933
3.720000000000003,3.253463859415499,-8.206388695821206,21.607188891651525,6.130100772157821,6.0141481511545685,0.0,3.458993938902979,-6.118959974197244,4.562911986115929,0.12522233138360386,-0.10314631205193497,0.0,471.54885490280395,473.28575224919825,470.68172116721433,472.2274168975719
3.780000000000003,3.4650242044253874,-8.57696488807898,21.8780271658548,6.137663977078454,6.008018848312254,0.0,3.593482052653316,-6.233430758469962,4.465355262905696,0.12766421155544858,-0.10024428557900465,0.0,418.6135753504834,418.8563350400765,417.95081845891013,418.1791966917465
3.840000000000003,3.6850427950331963,-8.954528850904577,22.144113671048576,6.145436314507107,6.002398023123504,0.0,3.7408762549672145,-6.351809202876774,4.404338801389743,0.13304350103695753,-0.08303056471432634,0.0,428.9024912326799,430.3543749283512,430.7932632181628,431.2638905103913
3.900000000000003,3.9144621153621713,-9.339374738909505,22.408219761215083,6.15383502310403,5.997696581611027,0.0,3.9067090326308205,-6.47603065691417,4.399099498905151,0.15111357161794864,-0.07035499458290335,0.0,447.8968054611391,448.9218107935122,448.1721612408263,449.656505393318
3.960000000000003,4.154331408730192,-9.731791841130773,22.67351221846133,6.163112725533045,5.993790278512986,0.0,4.08908632300044,-6.604024385063536,4.443695860415217,0.16085833243768569,-0.05626430540833469,0.0,464.6687023406109,465.7692300614852,464.1406926001919,464.9263703354002
4.020000000000002,4.404780521350347,-10.131628340146746,22.94014235037175,6.173903707045785,5.991340364608384,0.0,4.259300418373827,-6.723363836325239,4.444039214497452,0.20299525706554755,-0.020583519703150643,0.0,449.86065418880366,452.74005038335275,449.257215642392,452.69058258013507
4.080000000000001,4.666138068608398,-10.538760010806831,23.20910648831292,6.186032966531727,5.990545259382795,0.0,4.452426911105324,-6.84690083053147,4.521265107616721,0.20042012326395894,-0.0015936777080038768,0.0,474.3299840654765,475.78647436485466,475.5405030405822,475.3803126956085
4.14,4.938707347412913,-10.953042225716867,23.481587746460075,6.1976829227691965,5.990345766016738,0.0,4.632990433304139,-6.96183377264917,4.561514113763945,0.17718293254541642,-0.0070342242932792485,0.0,464.26392643978636,463.83683564604394,464.763234577398,462.9726047353115
4.199999999999998,5.222137912712551,-11.37411194027828,23.75673186820707,6.208363949678988,5.989596996805654,0.0,4.814480887782461,-7.073231382950727,4.609924910814545,0.17963302378979612,-0.026540530664435236,0.0,466.93150126363463,465.4070505618053,466.632900616016,466.85306305676534
4.259999999999997,5.514413911045667,-11.801261824805504,24.028153766250206,6.218722693678885,5.987946461542311,0.0,4.928247738602792,-7.164938999491556,4.43860101332075,0.15261291137859032,-0.02951933367401482,0.0,390.5115271807576,390.2331877586645,393.2981565222498,390.81923274974486
4.319999999999996,5.814508054062754,-12.234081768283955,24.29264374182237,6.228030376500193,5.985893061936867,0.0,5.074930020902653,-7.262094044220351,4.378188840518884,0.15973008237107136,-0.04585186372237083,0.0,429.0024392846946,427.6124785118288,428.2072848752858,428.8361082817951
4.379999999999995,6.12294116230713,-12.672585255441838,24.552054422520897,6.2376517847113675,5.9831800459040245,0.0,5.206334446408013,-7.354441772145184,4.269539071948402,0.16158007272552707,-0.04397676468521165,0.0,410.17895544759443,410.3441140845393,410.5629913358952,410.7538813295775
4.439999999999993,6.439407805030139,-13.116594444893177,24.80547006499714,6.247573388438294,5.980684560056126,0.0,5.342671590749753,-7.445565950049259,4.178282373113853,0.17200481371711437,-0.037204254351442805,0.0,414.4115063765888,415.00544742586726,414.7624298795065,415.70526892014414
4.499999999999992,6.765451616919075,-13.5661551191955,25.05794036567874,6.258157049946405,5.978225784359694,0.0,5.52536292271633,-7.539186051372686,4.237298198223818,0.183968881965795,-0.04986344931759425,0.0,464.35248176809034,463.3573253524632,463.2530820355333,464.2214678810899
4.559999999999991,7.1024270291238825,-14.021205626764921,25.313883681734104,6.269185942876998,5.975729917731675,0.0,5.7070928619780235,-7.628516532843469,4.294079140830877,0.18350557008306595,-0.028776065435703633,0.0,463.0185731655648,464.6739511943927,462.70873247760926,462.7035257199523
4.6199999999999894,7.449253788875282,-14.481445774839077,25.569981523695628,6.2805079944619795,5.974491676220612,0.0,5.853763395037387,-7.712342720173975,4.243092624238135,0.19745511209313915,-0.007969098385316772,0.0,426.6392533368475,428.41239450768774,427.322610545705,428.5462023184696
4.679999999999988,7.804515992407728,-14.946612700339951,25.82204548409532,0.008944862349231641,5.974123147091047,0.0,5.988235887899965,-7.7927448442432405,4.159863795594747,0.18489823385398457,-0.0027179223725841343,0.0,414.9464183568148,415.40734479897316,415.39041083594714,414.32696462918767
4.739999999999987,8.168850163843036,-15.416473346272586,26.072479577448483,0.02002560755230487,5.973988797006292,0.0,6.155952448700722,-7.868646449211909,4.188189177921397,0.18423784088927359,-0.0012983794578554561,0.0,450.4629082667297,450.57775310631786,451.6828974355788,451.66209468118643
4.799999999999986,8.54279493112413,-15.890786732629667,26.32343224365082,0.03130704856464206,5.973999049838685,0.0,6.308636211673089,-7.94121101007057,4.177369321186052,0.19467720225020838,0.0029586337079224347,0.0,437.19158192819197,437.5461975568438,437.28890150848054,438.1926201515961
4.859999999999984,8.925894612012028,-16.36932543793819,26.5739727468389,0.04258968767539795,5.974734471325998,0.0,6.461053581878735,-8.009434585369922,4.174464663322147,0.16953681063761364,0.026309817222903223,0.0,438.16858687452407,440.10586832940527,440.09625560494106,438.0443332817435
4.919999999999983,9.318442345046694,-16.851781257816903,26.825608913888207,0.0528593984222443,5.976589510401432,0.0,6.623372451489295,-8.071808077044105,4.213693087475119,0.17422434068605755,0.0388255063059455,0.0,451.24244710306425,452.2521295333579,451.9760109957827,452.38123652727074
4.979999999999982,9.720038500383092,-17.337951727297735,27.07781336569547,0.06431153359024577,5.978653454048668,0.0,6.762737290734251,-8.133251446414766,4.193773116436565,0.21213897170639875,0.02362205937651265,0.0,431.46760125101844,430.1824053078528,430.6272396284385,433.85816407264036
5.0399999999999805,10.130904372973438,-17.827459252964665,27.33209971525911,0.07781408455362637,5.980158300298667,0.0,6.932251531056123,-8.182689209472558,4.2826285667433455,0.24291689654065043,0.02784895611846542,0.0,465.4198313649578,465.7506613063675,464.6683183675897,467.12171955994734
